326,370086669922
323,549987792969
285,200012207031
0
419,531707763672
360,600006103516
361,899993896484
391,799987792969
350,200012207031
341,75
399,600006103516
381,014953613281
389,200012207031
413,899993896484
372,950012207031
389,850006103516
294,950012207031
415,850006103516
380,75
18
411,950012207031
317,049987792969
396,350006103516
359,452087402344
352,149993896484
18
310,549987792969
355,144012451172
407,812194824219
230,600204467773
417,799987792969
397,649993896484
403,5
345
351,705932617188
350,200012207031
414,274078369141
405,450012207031
0
18
313,029571533203
397
288,450012207031
18
324,200012207031
327,450012207031
18
239,699996948242
415,33349609375
395,053741455078
245,550003051758
240,350006103516
411,950012207031
417,672912597656
409,294250488281
384,278594970703
406,100006103516
387,579803466797
418,184814453125
419,135070800781
270,25
383,392517089844
349,722564697266
340,450012207031
415,850006103516
291,860900878906
408,049987792969
226,009399414063
380,100006103516
351,317016601563
18
337,850006103516
246,850006103516
398,950012207031
394,63623046875
415,200012207031
400,899993896484
413,708374023438
373,600006103516
371,072448730469
333,299987792969
367,100006103516
403,260833740234
404,149993896484
199,399993896484
397,649993896484
356,049987792969
265,049987792969
409,504089355469
324,200012207031
410,649993896484
18
18
416,423614501953
309,25
390,5
416,130004882813
18
407,359680175781
410,999725341797
326,799987792969
18
360,600006103516
363,200012207031
359,299987792969
360,600006103516
0
18
395,4833984375
411,950012207031
379,950012207031
336,549987792969
408,700012207031
297,549987792969
412,595672607422
385,299987792969
18
258,528228759766
413,16845703125
320,881622314453
343,049987792969
416,599914550781
419,528625488281
305,833435058594
18
18
0
411,950012207031
406,100006103516
334,600006103516
412,600006103516
386,600006103516
328,100006103516
418,450012207031
368,757843017578
419,100006103516
417,370452880859
348,722076416016
341,100006103516
335,25
386,600006103516
414,549987792969
0
350,200012207031
358,465576171875
324,517364501953
322,899993896484
268,299987792969
382,049987792969
338,622436523438
335,899993896484
393,75
385,950012207031
367,75
357,324676513672
411,104248046875
337,200012207031
18
373,600006103516
384,102325439453
398,964172363281
371
350,200012207031
397
18
354,100006103516
414,29833984375
419,399566650391
337,539306640625
0
367,100006103516
18
18
381,786560058594
0
399,600006103516
0
0
407,399993896484
374,751403808594
363,850006103516
341,100006103516
206,550003051758
392,450012207031
339,723480224609
411,506896972656
251,399993896484
362,549987792969
359,950012207031
332,649993896484
356,700012207031
275,450012207031
369,700012207031
257,536560058594
0
354,75
417,149993896484
419,100006103516
396,350006103516
409,534423828125
407,872619628906
415,850006103516
404,799987792969
228,649993896484
410,649993896484
383,350006103516
388,549987792969
377,5
18
0
373,600006103516
406,75
411,950012207031
351,5
399,029663085938
371,627380371094
235,800003051758
283,538635253906
396,350006103516
385,299987792969
375,549987792969
362,936096191406
0
0
387,233367919922
418,752777099609
377,5
381,399993896484
363,200012207031
327,514831542969
419,100006103516
266,368225097656
296,25
18
352,149993896484
407,399993896484
0
18
357,350006103516
356,700012207031
378,799987792969
366,450012207031
334,600006103516
404,149993896484
330,049987792969
18
396,446228027344
417,582977294922
345,649993896484
381,399993896484
409,350006103516
413,176574707031
320,299987792969
414,596160888672
402,038055419922
18
0
231,899993896484
0
395,455780029297
0
0
411,066223144531
0
381,399993896484
302,100006103516
415,850006103516
408,97802734375
0
367,75
406,473999023438
292,350006103516
417,149993896484
0
18
417,149993896484
417,799987792969
18
341,75
414,938140869141
304,700012207031
0
0
411,299987792969
383,350006103516
310,61572265625
386,876739501953
381,952209472656
376,200012207031
0
373,600006103516
18
415,239776611328
379,450012207031
399,618469238281
239,699996948242
0
205,25
418,450012207031
419,100006103516
391,149993896484
285,200012207031
371,649993896484
291,700012207031
419,330596923828
18
376,200012207031
406,75
18
389,200012207031
243,897262573242
372,950012207031
359,5361328125
18
0
0
375,549987792969
402,850006103516
368,399993896484
419,100006103516
393,75
356,700012207031
0
0
419,283874511719
322,899993896484
399,600006103516
378,149993896484
325,5
414,928100585938
18
408,700012207031
402,850006103516
324,850006103516
364,5
419,251556396484
18
0
382,700012207031
415,491577148438
386,387329101563
18
365,149993896484
18
365,95751953125
415,200012207031
18
419,100006103516
386,600006103516
380,75
338,5
419,314910888672
419,100006103516
0
382,00732421875
418,450012207031
397,349884033203
307,299987792969
410,649993896484
417,149993896484
388,549987792969
390,5
419,085845947266
380,100006103516
322,25
398,299987792969
383,350006103516
347,896057128906
397,649993896484
384,649993896484
18
0
416,5
351,5
0
0
368,399993896484
370,350006103516
403,30859375
401,549987792969
348,25
387,25
415,850006103516
387,899993896484
417,799987792969
419,743316650391
347,600006103516
412,600006103516
18
0
385,950012207031
257,899993896484
333,950012207031
279,350006103516
406,75
415,850006103516
415,200012207031
378,399993896484
386,600006103516
419,962768554688
380,212860107422
418,674621582031
176
416,5
287,149993896484
330,700012207031
396,0625
406,468841552734
293,603179931641
383,120422363281
412,600006103516
360,600006103516
372,370025634766
347,600006103516
0
385,520233154297
336,489654541016
320,950012207031
302,100006103516
359,950012207031
339,799987792969
384,649993896484
410,649993896484
418,897521972656
343,049987792969
314,449981689453
0
413,25
386,600006103516
418,219146728516
391,210205078125
309,899993896484
398,299987792969
415,850006103516
389,200012207031
375,549987792969
343,700012207031
0
337,361846923828
320,299987792969
0
341,566986083984
366,493743896484
289,75
411,039886474609
18
18
415,850006103516
195,116653442383
402,850006103516
419,980072021484
407,387115478516
415,850006103516
293
387,899993896484
416,891906738281
348,899993896484
403,853637695313
413,899993896484
395,700012207031
384
368,169799804688
0
351,5
404,799987792969
369,049987792969
393,75
382,049987792969
417,344207763672
418,912872314453
416,555786132813
366,450012207031
333,299987792969
0
384
334,446594238281
18
353,266967773438
320,950012207031
411,950012207031
388,074981689453
365,149993896484
400,927703857422
342,399993896484
379,820404052734
290,399993896484
413,478088378906
341,100006103516
293
332,916564941406
414,602111816406
418,108428955078
382,049987792969
381,399993896484
0
338,5
181,643859863281
406,75
285,200012207031
413,25
382,700012207031
404,149993896484
376,956420898438
395,049987792969
346,299987792969
0
323,4990234375
307,299987792969
18
18
400,846130371094
417,149993896484
401,671539306641
336,549987792969
343,049987792969
409,350006103516
231,994110107422
18
18
400,25
381,399993896484
417,149993896484
404,799987792969
18
409,350006103516
314,449981689453
406,75
358
396,162292480469
0
411,299987792969
369,049987792969
415,904876708984
411,299987792969
291,700012207031
304,070068359375
405,428192138672
413,131927490234
394,646759033203
402,200012207031
391,736694335938
400,455841064453
254
400,899993896484
18
411,299987792969
367,75
415,783142089844
417,799987792969
373,600006103516
400,899993896484
367,75
410,649993896484
397,708282470703
417,149993896484
325,5
405,376892089844
417,149993896484
18
380,75
324,200012207031
384
410,649993896484
408,593627929688
352,799987792969
368,399993896484
374,25
18
279,350006103516
328,100006103516
0
415,850006103516
389,103851318359
347,600006103516
219,318511962891
0
388,549987792969
361,899993896484
343,700012207031
0
298,200012207031
335,25
379,450012207031
415,200012207031
325,5
0
397,649993896484
18
347,600006103516
319,778686523438
411,950012207031
292,350006103516
411,299987792969
398,950012207031
406,75
374,899993896484
0
345
0
338,5
384,649993896484
18
0
416,5
362,549987792969
18
400,899993896484
410,649993896484
418,450012207031
380,75
18
0
400,356018066406
416,5
395,049987792969
0
0
0
414,240997314453
359,950012207031
408,700012207031
18
321,600006103516
298,200012207031
348,899993896484
417,149993896484
255,949996948242
322,472595214844
0
398,483154296875
340,754760742188
381,399993896484
411,299987792969
307,299987792969
367,75
319,649993896484
358,649993896484
365,149993896484
276,75
368,165100097656
414,549987792969
410
408,049987792969
18
312,399505615234
330,676055908203
408,700012207031
369,049987792969
394,399993896484
408,700012207031
341,100006103516
0
387,118530273438
276,100006103516
264,399993896484
408,700012207031
355,399993896484
387,400268554688
417,75048828125
411,950012207031
401,549987792969
387,899993896484
412,878967285156
239,699996948242
361,899993896484
385,299987792969
330,700012207031
409,347106933594
412,554565429688
292,350006103516
18
347,600006103516
404,736938476563
366,977966308594
370,350006103516
315,100006103516
320,950012207031
417,799987792969
376,850006103516
18
321,600006103516
417,149993896484
382,700012207031
400,899993896484
18
185,75
407,125610351563
0
410
18
339,283721923828
395,049987792969
365,989105224609
0
405,450012207031
350,850006103516
0
411,299987792969
18
399,758178710938
307,299987792969
358,649993896484
323,549987792969
402,309906005859
384,649993896484
294,299987792969
419,75
406,100006103516
412,600006103516
330,700012207031
393,212493896484
407,558563232422
417,149993896484
367,006652832031
0
18
309,25
18
419,690521240234
418,286285400391
18
380,100006103516
0
400,25
408,700012207031
18
413,25
398,30322265625
418,42041015625
18
417,799987792969
332
404,149993896484
387,899993896484
417,797637939453
18
359,620788574219
390,5
419,75
398,951904296875
408,049987792969
408,700012207031
0
18
296,25
208,9775390625
18
260,860687255859
340,422546386719
364,5
361,899993896484
409,644165039063
412,088134765625
376,200012207031
178,600006103516
402,356018066406
300,149993896484
406,174530029297
390,358154296875
397,649993896484
18
377,5
342,399993896484
391,149993896484
354,100006103516
395,049987792969
362,176055908203
330,049987792969
392,450012207031
383,339660644531
416,5
18
362,063171386719
339,799987792969
263,100006103516
398,299987792969
303,399993896484
230,600006103516
0
415,200012207031
18
349,648986816406
18
411,950012207031
361,25
364,226837158203
414,549987792969
413,558135986328
289,75
371
306,649993896484
18
406,75
18
365,014221191406
406,100006103516
314,891754150391
371,649993896484
334,600006103516
399,600006103516
419,808532714844
0
320,299987792969
238,399993896484
407,076904296875
18
413,25
0
363,200012207031
288,643585205078
323,549987792969
372,950012207031
380,75
323,549987792969
18
318,652709960938
368,399993896484
415,44287109375
296,899993896484
18
398,950012207031
377,5
407,141052246094
311,200012207031
417,799987792969
407,093017578125
403,446411132813
316,399993896484
335,899993896484
0
331,350006103516
18
265,700012207031
395,700012207031
302,100006103516
408,049987792969
389,200012207031
371,649993896484
382,700012207031
405,450012207031
419,659729003906
177,129455566406
399,297271728516
280
18
379,600524902344
376,850006103516
416,5
0
265,049987792969
0
302,75
352,149993896484
363,878051757813
18
382,700012207031
346,950012207031
411,299987792969
390,5
397
378,149993896484
0
352,149993896484
377,5
393,100006103516
269,387908935547
248,800003051758
0
410,649993896484
329,399993896484
329,704864501953
419,100006103516
403,144836425781
382,049987792969
401,740051269531
404,760192871094
410,649993896484
385,045104980469
411,950012207031
416,505889892578
0
18
18
407,399993896484
0
377,5
304,049987792969
358
415,850006103516
417,073211669922
414,549987792969
355,399993896484
358
361,899993896484
321,224456787109
419,806304931641
18
411,950012207031
419,75
352,194122314453
383,350006103516
371,649993896484
0
18
419,75
416,372100830078
399,600006103516
361,25
354,75
373,906524658203
299,5
329,399993896484
289,100006103516
394,399993896484
18
352,149993896484
402,850006103516
271,549987792969
331,350006103516
417,149993896484
409,350006103516
338,561340332031
340,450012207031
317,700012207031
405,129333496094
0
337,850006103516
408,049987792969
351,5
0
351,5
18
18
304,641967773438
268,299987792969
18
392,842651367188
391,149993896484
358,361877441406
0
18
404,448333740234
287,799987792969
402,200012207031
387,25
358,649993896484
324,850006103516
341,959533691406
358,649993896484
381,870880126953
413,25
367,100006103516
388,549987792969
392,628204345703
413,25
419,26220703125
397,649993896484
281,299987792969
404,149993896484
18
285,446136474609
224,100006103516
18
419,418853759766
292,350006103516
359,950012207031
329,1494140625
0
0
391,149993896484
382,049987792969
317,049987792969
377,451812744141
337,850006103516
395,942108154297
0
380,75
417,799987792969
0
0
411,299987792969
0
336,549987792969
320,855041503906
419,130065917969
18
408,049987792969
383,350006103516
417,627258300781
0
404,149993896484
419,454315185547
0
302,100006103516
323,5830078125
343,700012207031
342,399993896484
196,943542480469
382,049987792969
325,5
