26820
16933
17924
6144
21513
14114
14826
15355
15576
14633
15997
14257
14929
15328
14684
14746
15288
15178
14358
10788
14510
15830
14873
14368
14755
9938
14203
15381
14686
15320
14625
14616
14774
16342
29915
14126
16449
15322
6096
11812
49614
13843
17134
10186
17031
16773
11505
16394
41512
15154
13467
14286
14233
22169
13859
64870
15510
16018
34981
28399
15056
15990
14579
14209
16600
15336
14967
14073
15317
15656
10831
14685
13645
14775
15853
15651
16020
56257
13985
20370
14749
18062
14912
18328
20566
20835
19843
21005
48261
16216
23993
14194
18461
143987
17273
16666
18037
10212
35902
31195
23135
13866
21772
21982
19536
23014
13956
19565
33965
41913
33703
27688
29558
31210
35734
31855
23060
41097
29061
43067
47311
30312
1344514
27720
17745
18291
9890
27049
29463
31638
29257
30619
35971
27044
30683
26542
40622
29581
27818
29788
27788
30465
8293
25406
24222
35616
40028
21613
21009
23697
21863
31509
29155
41804
32125
39534
28073
18851
30363
31494
90718
29698
30828
28840
19471
28705
31310
40965
29728
9429
32866
17312
18078
48899
9284
27074
9078
10114
32840
27128
27978
27939
30131
28014
28543
35580
35777
27170
26649
31135
27796
29001
35921
21712
6973
24976
23366
23321
41262
25041
24678
30704
35156
24767
21566
28296
25640
20848
15253
6975
23092
41059
27633
29654
14884
21176
17002
21164
18811
16215
14615
42117
3822
4192
13987
16641
13195
12927
12677
13758
13445
13454
17859
9079
14083
19893
6292
11883
15321
15144
16351
13848
15282
14871
14755
8723
35544
12810
12401
11775
12301
14439
12585
24921
12741
9704
3776
13952
3846
13227
4392
4539
24018
4830
13001
13087
11873
13498
4354
13041
15555
17021
13760
4908
8924
12811
15139
10039
13496
14259
12705
4648
3952
13057
12224
13113
57730
13168
12621
4136
13019
8878
13678
17089
35846
12912
4675
23082
14082
14203
12737
13536
13987
12948
13718
8637
13001
14370
9306
14466
20188
13412
15575
10131
4016
4396
15082
14458
14338
17057
15737
26605
4618
4639
31546
15084
21228
17572
16615
16071
10382
29274
16712
17941
17468
22744
11886
9367
19742
57035
28749
12868
30097
15149
18932
22552
13016
24745
18802
19517
24916
24230
19175
5208
19031
17362
17878
16525
16518
17561
14265
14005
17142
17595
17173
20202
24229
25552
15140
14259
8795
4239
16321
13627
4539
4891
16353
20079
14952
12870
16121
14173
13237
18095
13192
38576
12826
12411
9331
4045
13143
14076
13968
12757
12989
12879
13352
14815
13437
60808
13159
31329
13669
12957
13973
13192
12370
13417
13078
12867
14744
13537
12741
13547
4199
13249
12932
12972
13861
13024
12702
13698
12734
13767
14493
12602
4076
13134
13103
12853
16674
13089
13300
12498
13184
13188
13196
3700
19595
13237
3877
12437
16917
17708
12916
8314
9310
14182
12867
12698
44676
16329
13001
16821
12594
13601
13136
14736
12108
12673
12384
13447
4425
12501
13497
13180
12549
12756
14114
12421
17476
12124
12252
4085
13123
22483
9219
36195
12807
12368
17795
12875
12810
13973
13823
14479
13103
13406
13255
21089
14819
19917
13586
13971
4142
12602
12830
13386
13035
13870
13347
17986
17271
13754
13527
4524
13225
12106
9476
8838
31668
13668
50648
12680
12624
14663
12719
8462
8402
12183
12685
12715
12341
8305
13449
12548
13058
12526
16874
4356
12925
12800
50222
16944
13362
13437
48263
14167
13775
12702
12456
13028
13215
13135
7810
14138
13124
14328
12872
12940
12260
13302
12873
17843
12487
12192
17396
12580
8912
12995
12884
13158
12863
11933
13065
12389
12741
8615
12408
12871
4090
12650
110079
12487
13062
4780
12778
12056
13223
3936
12428
12732
13545
11785
12438
4069
13045
8521
13017
12580
12778
12593
13052
12640
12885
13111
3844
13395
3958
14465
12714
8971
4107
12604
11955
8781
12674
12860
12732
12681
8355
4519
31432
13447
12255
3945
4368
4161
12569
13307
12870
8485
12881
12693
17026
13197
12617
12407
4570
85068
21382
12875
14361
12620
12544
12424
12914
12681
12622
16743
12345
13077
13684
8836
12108
13362
12651
12478
12369
12978
12557
4158
36300
12034
12682
14195
12542
12780
44483
14082
13606
13145
16316
12765
12216
17189
13564
22650
18609
11956
8630
12211
21784
64815
12525
12442
11680
13150
13214
8718
13618
13169
12532
12330
8575
12780
12919
4125
12074
8735
39643
12939
12915
3876
13870
13747
4580
12436
8842
12358
12677
12821
12759
52393
12975
13322
12158
12884
12957
12344
12896
26586
12576
24110
4181
8069
12675
8314
778401
38853
8820
12740
4237
12607
13796
9013
12477
13941
14619
9583
15120
12424
13460
12542
13005
8699
19731
13082
12161
20403
12884
13058
4238
8168
17341
12223
8745
13834
17140
12959
12252
30360
14634
12795
13059
12315
13228
12427
43087
13479
7963
13069
12729
13159
12130
13254
13166
14033
12515
13765
12923
8411
13522
13175
12862
12746
13425
12714
4392
12573
8121
23409
8640
12831
12554
13431
12701
12750
13359
12949
12978
8600
12060
8538
13312
13709
12170
11961
12500
13600
22651
4223
13432
13406
26236
8086
12823
4294
12350
13139
12966
13037
13210
12306
8600
30742
13445
12182
12812
8493
13107
12849
13670
13233
12819
35688
12375
12339
16484
4141
14247
8599
13799
13348
12193
13212
12600
13255
12239
12658
34962
12734
15000
14802
8774
15192
13515
12575
3614
12620
4244
12802
12133
13325
8432
13942
14234
12682
12938
12592
12659
4182
13546
12971
16466
13539
12338
4500
13155
13099
12273
11865
47155
17366
13727
118533
12507
30811
12219
12772
4471
8539
9364
12937
4019
13278
13296
13194
12925
52347
13150
12841
13832
13097
12874
12905
8321
12435
12094
12925
12869
12892
3717
8765
12021
20358
13536
11580
13784
44327
13013
12694
12442
12329
8186
12691
12042
12421
12730
12263
13076
12960
12408
12681
48233
4186
12398
12155
12273
3958
12577
7786
8408
11994
12215
9000
13082
12383
19977
3537
8150
11877
12292
12270
12607
13064
13161
13279
12700
18234
12356
12440
12414
27635
12546
12810
17318
12320
12358
8008
12366
12696
8593
35886
12727
13180
16256
3916
4196
12705
13343
12210
12252
12302
61725
4209
12643
12959
3674
3646
13106
4230
12706
12791
16100
8026
12180
12792
14666
3981
11997
32204
4112
16827
17558
13170
16197
12383
12536
12336
