875
142
135
43
142
370
189
136
319
138
145
135
225
222
305
128
207
204
242
133
202
149
129
316
220
144
140
137
169
127
138
219
136
206
133
140
140
125
44
43
130
148
138
132
133
124
139
123
144
43
44
43
224
132
307
134
132
255
131
133
164
124
227
220
134
45
137
44
135
138
142
232
45
134
143
140
141
175
142
139
43
218
162
143
55
197
137
46
133
140
237
153
176
138
145
138
332
172
152
146
237
183
171
176
143
322
47
144
155
145
146
150
352
160
154
48
157
53
159
259
142
154
245
143
49
157
51
155
139
142
256
144
153
136
158
204
152
202
134
209
162
156
54
157
147
168
54
138
241
147
222
145
138
149
153
151
146
149
140
149
217
142
226
142
114
145
181
154
150
58
155
56
51
155
56
156
52
54
147
149
148
141
55
168
151
147
55
58
245
140
432
53
233
140
54
227
334
151
146
153
158
229
237
56
256
180
237
244
57
61
57
151
148
148
142
144
56
146
150
146
229
146
55
57
139
157
60
136
144
145
245
227
57
53
132
148
52
51
55
132
133
227
125
349
216
49
225
198
182
138
139
256
195
218
145
53
53
54
56
54
55
54
222
52
145
56
151
145
54
151
145
53
165
53
55
150
53
52
55
136
148
51
53
142
145
133
144
147
140
53
146
57
148
145
147
53
60
52
178
156
147
166
54
140
154
58
54
136
66
132
52
224
147
56
59
54
52
332
56
145
53
139
52
55
137
134
141
135
149
136
51
143
227
221
174
140
58
71
153
144
154
53
54
52
135
145
53
144
145
54
230
227
140
53
143
154
198
137
135
224
216
215
216
167
169
169
165
160
172
166
65
57
64
164
68
66
162
352
160
157
166
286
161
157
164
166
60
252
57
59
177
60
176
155
57
292
290
137
135
205
239
156
65
211
157
257
153
174
146
156
214
131
52
290
66
213
196
189
169
138
138
182
148
144
239
142
56
145
148
146
146
213
164
169
50
138
130
50
222
131
49
206
174
125
153
71
52
140
73
160
144
143
142
154
168
132
139
227
141
52
154
153
51
133
138
138
139
136
141
144
138
53
146
56
141
151
48
173
52
142
141
96
147
147
146
217
136
134
136
160
142
144
162
209
64
135
133
146
144
175
156
149
141
141
127
74
156
187
50
72
146
179
716
129
130
135
135
49
47
140
131
130
50
47
127
49
125
133
135
49
140
140
152
125
51
131
136
131
136
134
128
130
50
139
49
129
133
128
119
218
138
127
136
126
132
121
128
130
47
205
50
165
136
50
125
123
48
51
52
126
48
131
130
135
130
47
205
132
134
48
49
128
126
132
132
48
145
48
131
48
50
127
132
132
136
123
48
151
52
127
131
48
48
135
123
47
134
49
134
131
49
49
148
380
48
49
49
47
130
211
133
47
212
219
48
142
152
149
48
126
124
135
141
48
132
127
123
128
131
136
122
132
135
50
49
131
128
132
127
130
142
49
132
48
50
138
128
130
132
130
131
126
136
56
47
130
131
136
136
126
58
132
131
129
202
50
204
131
134
48
48
134
55
129
51
58
126
48
134
49
133
133
133
49
128
218
49
207
50
137
51
134
308
134
138
51
136
123
224
46
134
135
124
134
51
48
128
49
214
125
52
129
50
125
130
51
210
137
129
48
126
52
47
122
143
51
129
133
51
129
131
130
56
50
57
49
49
132
138
128
47
130
222
119
51
134
137
129
136
48
49
126
128
135
125
132
125
48
48
129
136
53
447
375
46
49
47
48
53
134
49
131
50
140
129
132
143
134
56
129
47
48
126
48
123
49
51
130
134
130
140
49
122
47
129
54
128
50
130
129
131
126
131
132
50
131
223
132
220
48
137
131
368
49
122
142
135
130
124
49
48
47
51
128
50
133
136
128
138
135
139
49
135
125
47
137
166
132
47
51
48
50
48
131
49
204
130
52
125
136
123
49
135
129
129
53
127
48
129
138
127
128
130
52
134
126
129
135
51
132
48
53
50
132
54
128
49
146
138
132
129
51
132
133
135
137
47
133
132
140
121
131
50
46
134
125
133
130
122
130
211
127
50
125
50
121
129
130
51
321
135
135
201
137
134
53
213
129
131
49
48
53
51
126
48
50
130
135
130
46
48
134
47
137
135
129
255
60
209
140
135
128
134
131
133
134
134
60
132
53
48
49
58
129
49
128
125
49
48
132
132
218
127
125
131
47
296
48
49
47
128
46
126
129
128
54
128
129
133
50
119
132
48
127
128
126
48
46
132
129
